11111111111111111111111111111111111111111111111111111111                                5
                                                       1                                5
                                                       1                                5
                                                                                        5
                                                                                        5
                                                                                        5
                                                                                        5
                        444444                            2    2 2 2 2 2 2 2 2 2        5
               44421    111111        11111  2   2   2  1111111111111111111111111111111 5
             2111111       111   22   11111   4444444   1111111111111111111111111111111 5
        211111111111  22   1111111111111111             1111111111111111111111111111111 5
000000000000000000000000000000000000000000000000000000000111111111111111111111111111111 5
