11111111111111111111111111111111111111111111111111111111                                5
                                                       1                                5
                                                       1                                5
                                                                                        5
                                                                                        5
                                                                                        5
                                                                                        5
                        444444                            2 33 2 2 2 2 2 2 2 2 2    3   5
               44411    111111       111111  2   2  2  11111111111111111111111111111111 5
             2111111       1113332233111111   4444444  11111111111111111111111111111111 5
        2111111111113322333111111111111111133333333333311111111111111111111111111111111 5
000000000000000000000000000000000000000000000000000000000111111111111111111111111111111
