                 4444444444   111                                              5
                 4444444444  3311                                              5
                 4444444444  3311              333                             5
                 1111444111   111      44    444333                            5
                 1111444111111111   44444      44                 2  2  2  2   5
            111    1                4444  1     44        111                  5
            111    1                 4   111               1   12              5
                   13                                111      1111             5
       111         1111111111111    1  44444 111     111                       5
       1113333333331111111111111   111 44444  1   1                            5
111111111111111111113111111111113331113333333333333333333333333   3333333333   5
