00000000000000000000000 11100000000000000000000000000000000005
0                       111                                  5
0                       111                                  5
0                       111                                  5
0                       111                                  5
0               44           44                              5
0         44    442223       44                              5
0         44    111111  4                                    5
0               111111  4  111111111  111  111  11  1  11111 5
0         3   22111111          1111  111  111  11  1  11111 5
0     1111111111111111 2223333331111331113311133113313311111 5
00000000000000000000000000000000000000000000000000000000000005
