                 444441                        33333331              5
                 444441                       211111111              5
                   3331                      2                       5
                  11111                                              5
          44      11111                         444                  5
          44 111                 44444 1112     444                  5
             111                4      111      444        2   2211115
        111     44             4   2223111      444     2     1      5
        111     44               111111111   2       2               5
    1111            444     11111111111111   122222221               5
    11113333333     444  1111111111111111111111111111113333333333333 5
0000000000000000000000000000000000000000000000000000000000000000000005
