                                                                                5
                                                                                5
                                                                                5
                             44  3                                              5
                           1 44  1                                              5
                      44   1111                                                 5
                    1 44 2       4444                    3                      5
                4   111111       4444    44444     3     1         3       3    5
              1 4 1              1144    44 44  1111               1       1    5
              11111           1  1111           1111                            5
        2222      333    333  1111111  222 3 2221111  2       3        2        5
000000000000000000000000000000000000000000000000000000000000000000000000000000000
