                                   44             5
                     11111         444444         5
    44 44               11 4444   444444          5
    44444               11 444    444444          5
    4444        44   11111  4444   444444         5
          11   4444  11      111111111444  111    5
          444 411 4                44      111    5
     444 44 444   411114                          5
    44 444        4441144444  11                  5
   44  44              44444  11         111      5
  4       11    222                22    111      5
1111111111111111111                               5
